212032420 212235516 375.5215496792807
212032420 212032448 265.2988148867351
212032420 10926928455 385.5223498569819
212032448 212032448 132.32324900021047
212032448 212032448 265.7772555733474
212032448 212032420 353.2579791775987
212033252 212163325 435.1406478043219
212033252 8922966722 214.9346549630434
212033252 212249435 444.44885748981835
212033615 212079747 389.72120170218363
212033615 212173262 381.27838314575905
212033615 3317810208 442.2771168498075
212035670 1467030735 379.3831607505437
212035670 212035674 485.9568650409846
212035670 212074583 220.9721655768767
212035674 212035680 75.66914482776515
212035674 212035670 180.5608357460632
212035674 212035693 426.8601759556102
212035680 212035674 56.12225759110889
212035681 212035693 449.830423477604
212035693 1467030737 293.60541295926043
212035693 212035674 58.506987035886524
212035693 212035681 266.59329851660164
212035837 1466952981 348.58179265824964
212035837 212198217 143.97269753543307
212035837 8922966556 40.77917995818342
212035895 212079743 126.52913750636918
212035895 212079747 358.007879071028
212035895 8929624750 435.0112851602918
212036293 212036296 447.051751084092
212036293 212276572 368.4546153079797
212036296 212036293 67.90830449992325
212036382 8958560566 301.2672882732149
212036382 212270216 430.1464985039168
212036382 8922966892 301.991645004485
212036382 212036397 132.7740295569212
212036397 212036420 278.3248642407161
212036397 212036382 5.0508079524589355
212036397 212046109 304.0609135968256
212036420 212036397 307.99564446814645
212038772 212038775 145.2585698958851
212038772 212060370 24.162521187528984
212038772 212056661 259.4267473389071
212038775 212038772 7.103083371811481
212038787 212038793 53.572972814600774
212038787 212078070 424.77709666759944
212038787 212078058 145.30198536554855
212038793 212038787 96.40204322168877
212043143 212043147 336.0606084884644
212043143 212235516 113.21887034664752
212043143 212074592 163.23602414668864
212043147 212043143 242.3323881464094
212043888 212059039 139.4549086297296
212043888 212043902 455.55140908517984
212043888 8929624750 308.15046315328794
212043902 212043888 10.573322871417435
212043902 212081104 48.807210035568204
212043902 212079743 431.3386637078852
212046109 8922966769 50.68358008478802
212046109 212036397 51.56712229938359
212046740 4031700711 46.41636927017162
212046740 4031694273 327.66415383139156
212046740 212046842 265.4082562897584
212046842 4030237860 345.4183635995806
212046842 212046845 244.46875032901954
212046842 212046740 120.64668571969916
212046845 212046842 294.7157717437736
212049066 212049068 419.73857992588006
212049068 212049066 492.14049104993416
212049068 2627953738 295.527036425828
212049068 10926928456 62.08075261991491
212051246 8929624720 471.9030067384528
212051246 3317810769 135.7031277248164
212051246 8922968295 89.40880238487075
212051246 3317810783 187.65264329757014
212056661 212056662 166.17149904459876
212056661 212038772 480.5139999399797
212056661 8922966326 169.1933102881761
212056662 212056661 424.6445098831546
212056912 1973834084 79.59621263701683
212056912 212304392 438.7521210538091
212056912 8923703092 202.79750289739863
212058199 8922966595 386.48713565201854
212058199 1466953008 469.5071465181215
212058199 1466953008 289.85981279664173
212058693 212213756 426.0913131647378
212058693 212278980 458.3816115198216
212059039 212043888 232.24826012774514
212059039 212081104 207.8494887104066
212059039 212059050 109.38795093910126
212059050 212059039 436.49536487167614
212060370 212060373 362.6226577950643
212060370 212263639 140.39136396589524
212060370 212191552 86.42033786456938
212060370 212038772 48.01268480437931
212060373 212060370 457.6037888927266
212064611 212064614 480.30404765310624
212064611 212254068 166.3931942399509
212064611 3317804285 341.18255007870545
212064614 212064611 127.23078882871708
212064614 212283237 136.59760075168668
212064614 212218843 456.7273709362261
212074583 3325182117 212.67537969520623
212074583 212035670 275.81062558257827
212074583 8347820038 223.59788776059904
212074592 212043143 439.29113338989936
212074592 212235496 417.36299448624976
212074592 2652029688 355.0821804055385
212074643 8392990959 1.8699043452437003
212074643 212234055 209.24314013379757
212074643 212235516 154.3886719401616
212076584 212263609 425.87731421995335
212076584 212076596 58.59824573886946
212076584 212263618 55.997282206265595
212076596 212076584 65.77033868829713
212078022 212078026 484.6106396784143
212078022 4031694263 275.7814252798183
212078022 3690710882 332.37351738639654
212078026 1466999093 104.17453609963079
212078026 212078022 82.71808321361779
212078026 8984381544 85.84057963105202
212078030 8984381543 56.8231759942901
212078030 1466999046 158.75776492415318
212078030 212078034 214.14846804623255
212078034 8984381518 260.73811954832456
212078034 212078030 115.916613195871
212078034 5028719229 481.4387715448772
212078041 212078056 397.06703776670224
212078041 8984381518 237.93682850363817
212078041 212267239 280.54502400353357
212078041 212281583 36.300786170549884
212078056 212263609 41.760455653092386
212078056 212078058 291.77876760088895
212078056 212078041 27.943472354376553
212078058 212038787 250.0123196289775
212078058 212078056 231.97242805367668
212078058 212192206 34.427117583036235
212078058 212281599 87.27581698244535
212078070 8984337278 176.94009364455553
212078070 212038787 260.66719461384974
212078070 8984337273 484.95640055788044
212078079 8984337292 424.81616092112597
212078079 8984337293 147.18068329807267
212079740 212079743 219.12051139722738
212079740 212108985 4.661760050857556
212079740 212224806 152.23219213409766
212079743 212035895 166.10064255826424
212079743 212079740 255.77156750868758
212079743 212043902 427.0016040384225
212079743 212081089 482.2025907807104
212079747 212033615 43.07751157345252
212079747 212035895 13.01320577567433
212079747 8929624750 353.7326656491852
212079747 212193657 368.9336867634873
212081062 212299933 394.48895655594964
212081062 212163325 201.5574665423858
212081062 8922966665 470.92228348019785
212081076 212249437 477.8419819473246
212081076 212249439 498.05839768302667
212081076 212081086 266.3187840203413
212081086 212081089 332.4219172495363
212081086 212155123 20.794020604159304
212081086 212081076 129.59674172082487
212081089 212108985 482.5807667050785
212081089 212173262 363.20585489529094
212081089 212081086 435.6080844422118
212081089 212079743 234.53897744194396
212081104 212221148 317.1969956663353
212081104 212059039 484.36800317759054
212081104 212043902 452.44844127060065
212081884 212304603 427.17157808644265
212081884 212164607 362.57098428155774
212081888 8923702951 7.234918106833909
212081888 212156967 103.97895603311925
212081893 212164614 409.9645440134766
212081893 212081888 25.567358704006228
212081893 212156963 393.52754768907107
212081899 212161575 457.9578864987781
212081899 212081893 125.21977254341404
212081899 212164619 477.0538840989607
212081907 212081899 238.39635253784547
212081907 212170998 51.68283844676963
212086107 5760171009 242.82260248809607
212086107 8922966472 10.203188887355886
212086107 212299933 89.17924960512941
212104085 8922966446 485.0701462515209
212104085 212198187 290.39802062141706
212108985 212081089 54.72195335020674
212108985 212079740 323.6370535889939
212108985 4031714803 105.79739028947682
212108985 212249439 243.77969341073953
212109010 212224806 146.12747049991137
212109010 212205650 158.05528394076222
212109010 7025202840 279.9599128725309
212142731 2627953738 59.47716041421502
212142731 212142736 151.403514850797
212142736 212142731 189.5126779370993
212149123 212149183 214.5148497228872
212149123 212149169 15.629197622081147
212149123 212263639 90.08065331461829
212149169 212149123 92.3909205084274
212149183 212263656 125.30822203610164
212149183 212149204 128.55006669741005
212149183 212149123 144.51328176568978
212149204 212149183 459.26661407264834
212149204 212249226 425.304524262807
212155123 8929624734 128.79919821520963
212155123 212081086 412.28689359077123
212155123 212173262 114.42361549213797
212156960 212156963 340.9181383464421
212156960 5028719228 36.202118850849175
212156960 212161575 490.3507678949208
212156963 212156967 472.0201697046216
212156963 212156960 110.87778859488634
212156963 212081893 125.88766517165162
212156967 212156963 390.6369589999244
212156967 212156975 145.65267443638967
212156967 212081888 215.789605513685
212156975 212156978 77.47885307228253
212156975 212156967 0.39599566708126144
212156975 212304603 419.6405913371266
212156975 212281599 339.8257298039719
212156978 212156975 59.11289754496074
212156978 212221305 132.23245166225888
212156978 212304603 389.1965095326722
212156978 212164941 41.36341610161259
212161575 212081899 209.9157855244758
212161575 212161585 126.07309296573388
212161575 212156960 63.10205836817789
212161585 212176255 79.22524216680432
212161585 212170998 410.8363169541065
212163325 212033252 453.5981770116941
212163325 212081062 303.64861105382823
212163325 5760171003 345.4488941602957
212163340 8922966517 109.87344582675179
212163340 8980936866 365.90404259647886
212163340 8980936966 148.13992724484655
212163352 8922966510 37.565408452701064
212163352 8922966363 103.59256204701306
212163352 8922966556 305.59134146618885
212163352 8922966446 86.99948883988284
212164607 8923702952 227.96920967896983
212164607 212081884 348.5692068720028
212164614 212081893 169.30274068973134
212164614 212164619 319.8545001454995
212164614 8923702952 51.48133615299666
212164619 212304400 224.16786911445408
212164619 212164614 490.8639176857683
212164619 212081899 306.401252161148
212164941 212322627 125.12955864766745
212164941 212322627 268.9584114603841
212164941 212156978 340.6984909195063
212170998 212171004 13.650526147194809
212170998 212161585 101.09168843573329
212170998 212081907 141.67578134811154
212171004 3690710888 69.9712217851522
212171004 8980916798 241.36928410303844
212173254 212173262 281.932144979369
212173254 212193639 394.84351567005393
212173254 212193657 313.67434430575275
212173262 212081089 134.8088334829573
212173262 212173254 4.653162142689071
212173262 212155123 40.730781799087126
212173262 212033615 357.3729815767905
212176255 5028719229 83.66084125523766
212176255 212161585 125.39672568282356
212176255 212176261 433.0049900897867
212176261 212176255 407.60795952144554
212191543 212191549 14.409140995021552
212191543 212248703 400.4301823329341
212191543 212198572 301.3189108858609
212191543 212235789 407.9120769568938
212191549 212191552 397.3198611953731
212191549 212191543 301.31060534413365
212191549 212198555 18.936863795176784
212191549 212198572 370.85160364782837
212191552 212191549 15.924752722975
212191552 212267220 169.72103512691135
212191552 212060370 224.76303342289688
212192206 212078058 140.0174197273801
212193639 212234064 46.846784465978565
212193639 212173254 462.5281506768351
212193639 212193657 346.7737469742838
212193657 212193639 441.4773364655423
212193657 212173254 192.69671652194236
212193657 212079747 48.46806233305412
212193959 1973834083 429.0016048354963
212193959 212236691 117.86047116430053
212193959 4031714821 494.93981578688545
212193959 4031714808 310.8029407256525
212193967 7025202826 119.7848880990186
212193967 1973834083 362.6717377310845
212193967 4030237860 373.4018991561617
212198187 212104085 234.59378147790184
212198187 8922966363 347.5992199363513
212198217 212035837 241.6752592659539
212198217 212198225 87.25156151413732
212198225 212198242 165.96931825660326
212198225 8922966414 328.89153033362646
212198242 212198225 124.55032379568736
212198242 212198217 364.68471327451647
212198242 3690710842 379.38548477091155
212198549 8922966326 246.0289385204149
212198549 212263618 286.1559241485914
212198549 212198555 324.4282083253004
212198555 212191549 325.1592239879214
212198555 212198549 48.761995461207185
212198555 212227068 465.4931843330273
212198572 212267218 283.0093264690148
212198572 212191543 132.92360298463478
212198572 212191549 348.6126152913881
212199000 212304400 145.84842755685017
212199000 212304185 244.99194833796568
212199000 8923702956 397.4619178148189
212205650 212205661 294.60567227188403
212205650 212109010 97.26444281527175
212205650 4031714833 260.76878707181925
212205661 1464889621 332.26232908491016
212205661 212205650 261.43547404869713
212205661 4031714803 7.502317148842419
212213756 212058693 208.55640695126536
212215536 212299971 17.23097114015093
212215536 8922966414 473.5206466738483
212215536 8922966439 17.964648441052724
212218843 212218854 311.2356667203794
212218843 212254059 333.14163465329125
212218843 212064614 294.49865031664876
212218854 212218843 165.63624901182015
212221148 212081104 161.81122439661033
212221148 8920600624 29.708940845945385
212221305 8984337273 64.38527336851973
212221305 212156978 13.643996837955473
212221305 212281599 251.36668449085082
212224790 4031714833 132.88699934778535
212224790 4031714841 316.5185799328376
212224790 8980936806 232.26505743147968
212224806 212109010 223.94765912936177
212224806 212079740 2.090906705944695
212227068 212263618 54.54128656493573
212227068 8923703246 2.6183854500641535
212227068 212198555 221.0204010506981
212234055 212234063 236.34081431442522
212234055 8922968295 40.99130148167729
212234055 212074643 53.139894770089455
212234063 3317639954 470.0275699068504
212234063 212234055 317.80581367960417
212234063 8922966769 234.53096723708
212234064 212193639 94.91792390625697
212234064 3317639954 359.49855964413604
212234064 3317633312 161.50163344802382
212235496 212074592 437.8115204699761
212235496 212236544 366.4267281516073
212235516 212043143 215.2602844235993
212235516 212032420 291.2572220281394
212235516 212074643 342.3777830558754
212235776 8984381544 405.83669477191364
212235776 212249211 394.82235548457413
212235776 4031694263 300.4504235566478
212235789 8984337315 326.7577081043357
212235789 212191543 101.85323526750278
212235789 212263304 106.02736769928828
212236544 212236578 183.79358614383162
212236544 212235496 367.2147125366412
212236544 212296879 171.00627892182396
212236578 10926928456 107.54787546107647
212236578 212236544 90.99013129327189
212236578 212296879 388.92060667295164
212236691 8980936736 44.575466737679925
212236691 212309184 365.34152304741474
212236691 212193959 169.98550838374103
212247993 212249435 284.928086408254
212247993 3317633295 243.76567390041436
212247993 3317633295 105.9228106209208
212248703 212191543 13.607471383266345
212248703 212302885 242.29188383978513
212248703 212249226 130.11384760632828
212249211 3317624795 303.9428291086311
212249211 212235776 206.3285546389284
212249211 3317624777 458.50038494917374
212249226 212149204 176.55722460739054
212249226 3317624803 470.4313700616624
212249226 212248703 165.0093973465024
212249435 11049565396 95.60457129640909
212249435 212033252 260.46785538487904
212249435 212247993 270.857882358389
212249435 3317633312 252.08699896927143
212249437 11049565396 190.70516922216186
212249437 11049565396 459.9436732118217
212249437 212081076 217.17288180594008
212249439 1464889621 355.226012525545
212249439 212108985 105.45915906292069
212249439 212081076 462.57993655728046
212249443 212299933 369.7623814872366
212249443 8980936806 104.81783086601598
212249443 1464889621 379.6003217040454
212249473 8980936731 415.3564010417291
212249473 8980936736 302.3689979558946
212249473 4031700731 114.5032887220886
212249476 4031694265 218.44632924860184
212249476 8980936731 474.7845667407108
212249476 4031694241 33.68181363550743
212249486 3658906102 0.12631586210787304
212249486 4031694273 312.5377236591956
212249489 1872164877 131.2781371529151
212249489 4031700723 125.58895643066137
212249489 212304400 162.31136867588398
212254059 3317804285 108.08322893072403
212254059 212218843 314.830839330822
212254068 212283237 251.3434775634243
212254068 212254075 111.01955754764892
212254068 212064611 144.64032287424934
212254075 212254080 75.78844416194474
212254075 212254068 395.8725645183889
212254075 212270216 66.5356009347391
212254080 212276572 110.96527140933094
212254080 3317807713 90.83334781308727
212254080 212254075 333.41380441972785
212254961 212278980 111.1258004668953
212263304 212263315 383.5596460176294
212263304 212235789 299.02501686930543
212263304 212267239 354.20052405215966
212263315 212263304 332.90834188482734
212263609 212076584 486.3433759827761
212263609 212078056 255.2825163560729
212263609 212326796 130.67263253351734
212263618 212198549 357.3182240333445
212263618 212076584 407.1040685452473
212263618 212227068 372.60104943653783
212263639 212060370 378.28929077887784
212263639 212263650 150.4334317567913
212263639 212149123 239.52302443396962
212263650 212267220 130.89737091866883
212263650 212263656 86.7814434277317
212263650 212263639 492.04280789784394
212263656 212149183 257.4767739672375
212263656 212302885 185.48704652373726
212263656 212263650 447.24719126616924
212267218 212267220 334.46887635925015
212267218 212198572 335.8148419487396
212267218 212302885 55.41640899245459
212267220 212263650 57.766749420167905
212267220 212267218 262.59040843023547
212267220 212191552 389.97767597091655
212267239 212263304 146.438471117127
212267239 212078041 205.36202366383367
212267239 8923703246 484.53072962452524
212270216 212036382 253.14992573860434
212270216 3317806794 490.8347175058641
212270216 212254075 340.28497278886385
212270306 3317807732 151.51449713381865
212270306 3317809094 4.3470159362715695
212270306 3317809347 389.22249562404704
212276572 212283237 272.67123029901677
212276572 212254080 495.9484159908181
212276572 212036293 367.1595815524768
212278980 212278996 269.0203180518292
212278980 212254961 323.61167838706723
212278980 212058693 161.7436951936127
212278980 212299971 419.7546271697676
212278996 212278980 432.5384306111258
212281583 5028719228 173.20840692779927
212281583 8344000376 176.5237404638857
212281583 212078041 360.77364815083655
212281599 212221305 162.4195914121596
212281599 8344000376 156.5030563918009
212281599 212156975 363.6044220969967
212281599 212078058 163.39824408018393
212283237 212064614 79.45458620115991
212283237 212276572 368.4000778252748
212283237 212254068 45.84164477799552
212296879 212236544 338.315806110332
212296879 212236578 287.6807170034307
212296879 6281701565 319.80584586708693
212299933 212081062 27.251697013820962
212299933 212086107 214.36986585759428
212299933 212249443 366.1308513391291
212299933 212309178 189.22620897149102
212299971 212215536 78.67641062334756
212299971 212278980 182.03355689456512
212302885 212263656 353.32680311648784
212302885 212248703 177.92609506282298
212302885 212267218 461.360069185081
212304185 212199000 232.0126323168954
212304185 212304397 174.08288516476816
212304392 212304397 499.09103045262106
212304392 212056912 481.7988303031249
212304397 212304185 9.476490827149409
212304397 8923702956 106.60960995625513
212304397 212304392 96.1927864766064
212304400 212164619 373.2725238222693
212304400 212199000 252.55943106164182
212304400 212249489 305.70816064489685
212304603 212156978 338.8658317376581
212304603 212081884 231.25719612702196
212304603 8923702949 122.90480859725439
212304603 212156975 111.37398501525192
212309178 3690710868 244.98626488173363
212309178 212299933 176.5843153737161
212309178 3690710847 278.01177957288763
212309184 212236691 60.09351905952143
212309184 4031714808 476.8942134775825
212309184 3690710850 236.45722888602506
212322627 212164941 189.4681990870819
212322627 212164941 151.5515329284318
212326796 3690710837 5.879760110405751
212326796 212326813 378.0017385535582
212326796 212263609 126.15767572722847
212326813 212326796 244.98980352888333
1464874885 1464874967 11.422881741555479
1464874910 1464875069 281.2771302418223
1464874910 7025202863 435.7918706453728
1464874910 1464874967 430.43448549885244
1464874967 1464874885 477.254762537985
1464874967 1464875069 164.5352037243214
1464874967 1464874910 244.30038662586423
1464875069 1464874967 288.283696052833
1464875069 1973834083 66.64574445758342
1464875069 1464874910 474.6274841781023
1464889621 212249439 378.93443244762443
1464889621 212205661 398.06095825162635
1464889621 212249443 59.862784363791555
1466952981 8922966459 301.6625165285509
1466952981 212035837 484.035368331467
1466952981 8922966575 480.5768023803594
1466953008 212058199 443.6414629785908
1466953008 212058199 459.14424792589034
1466953008 8922966575 157.91738542194577
1466999046 1466999097 43.74173113609881
1466999046 8980916759 332.33854483599566
1466999046 212078030 363.8191473357402
1466999088 8980916759 44.854548534325914
1466999093 212078026 374.41779387634597
1466999093 1466999097 63.72865707886233
1466999093 8984381543 257.6806110115521
1466999097 1466999093 368.561305368303
1466999097 1466999046 322.1866361092642
1466999097 11250543417 470.65350656205015
1467030734 2652029688 368.15079619295614
1467030734 8347820038 425.7574240670403
1467030734 1467030735 102.93127327248725
1467030735 212035670 404.64443206830225
1467030735 2652029688 257.15300529828323
1467030737 212035693 156.72790003810115
1872164877 212249489 269.99117695505623
1872164877 8980916798 146.21585655338703
1872164882 8980916798 422.7141210443108
1872164882 1872164877 188.72320841353886
1872164882 8980916801 80.99590118122057
1973834083 212193959 441.9258223327202
1973834083 212193967 12.55977770482114
1973834083 1464875069 179.39569703489622
1973834084 212056912 103.11560743481091
1973834084 7025202826 332.12458698845415
1973834084 7025202863 193.71237025718412
2627953738 212049068 16.07206972254538
2627953738 212142731 456.819882442527
2627953738 2627953772 312.5972429654585
2627953757 2627953772 346.4401134698808
2627953772 2627953757 294.4055338938616
2627953772 2627953738 23.060082318375308
2627953772 2627953780 303.92459159585434
2627953780 2627953772 5.686273370923534
2652029688 1467030735 444.58320358279525
2652029688 1467030734 131.49028784508715
2652029688 212074592 60.9114690820875
3115794417 8922966590 321.4324467244442
3115794417 8980936866 421.4987313443703
3115794417 8922966691 420.3025301060012
3317624777 3317624794 15.802098869400039
3317624777 3317624789 389.5317670433373
3317624777 212249211 380.1079556205379
3317624789 3317624777 189.08312666378714
3317624794 3317624795 50.06393603336412
3317624794 3317624777 346.6442373519949
3317624794 3317624803 146.5443548784907
3317624795 212249211 418.9437494140707
3317624795 3317624794 123.78517382569999
3317624795 3317624803 346.5702348078731
3317624803 212249226 196.99783138985478
3317624803 3317624795 225.2548956953974
3317624803 3317624794 97.71237137739242
3317633295 212247993 99.43835150829672
3317633295 212247993 265.20304675618127
3317633312 212249435 375.78984170706264
3317633312 212234064 325.2707060492738
3317633312 3317633315 311.404445674671
3317633315 3317633312 461.9920008188115
3317639954 212234064 260.2674235360312
3317639954 212234063 131.82136547241902
3317639954 3317640561 172.99274706210082
3317640561 3317639954 485.985671272881
3317804285 3317804286 237.49727641538232
3317804285 212254059 152.15686820394086
3317804285 212064611 144.40999427932422
3317804286 3317804285 108.82730412228092
3317804286 3317804286 152.95839023440948
3317804286 3317804286 154.3724475231506
3317806787 3317806789 100.98414925832638
3317806789 3317806787 155.6514210609218
3317806789 3317806810 175.49336169531944
3317806794 3317806810 332.04442375137444
3317806794 212270216 24.12910095296744
3317806795 3317806810 119.5432642346993
3317806810 3317806794 63.70307686280985
3317806810 3317806795 298.6485621241402
3317806810 3317806789 162.90067661456646
3317807713 3317807737 255.07809135416576
3317807713 212254080 341.6623516289269
3317807713 3317807717 499.11203323135436
3317807717 3317807713 9.015950804900807
3317807726 3317807732 167.12104717952607
3317807726 3317807737 453.74090084832585
3317807726 3317807731 357.5302120159385
3317807731 3317807726 127.38999016434671
3317807732 212270306 60.62776684460669
3317807732 3317807726 218.1494445704224
3317807732 3317807736 176.14886251751994
3317807736 3317807732 122.84205881875293
3317807737 3317807726 176.9483413645369
3317807737 3317807713 170.60350049079526
3317807737 3317807741 216.5322600952738
3317807741 3317807737 309.3062482738846
3317809094 212270306 467.45962010872023
3317809094 8922966892 429.89361313192524
3317809094 3317809097 211.5050899325986
3317809097 3317809094 45.4631441112387
3317809347 3317809350 317.51151280677783
3317809347 212270306 109.12964645432577
3317809347 3317809349 416.82396272883483
3317809349 3317809347 399.7955642717832
3317809350 3317810359 398.1223904103934
3317809350 3317809347 443.31705501276053
3317809350 3317809356 68.03165536580902
3317809356 3317809350 73.46167707078716
3317810208 212033615 479.56871361670864
3317810359 3317809350 351.69778837455755
3317810359 3317810769 336.95713880745285
3317810359 3317810766 30.689945076689817
3317810359 3317810768 345.20996243661034
3317810766 3317810359 254.5244090805211
3317810768 3317810359 440.908679850842
3317810769 212051246 192.26011451307497
3317810769 3317810359 10.068742207303028
3317810769 3317810771 467.72307293074664
3317810771 3317810769 400.43232747374014
3317810783 212051246 41.34685639895047
3325182117 8392990959 203.68872025803074
3325182117 212074583 448.85443694194635
3325182117 3325182119 368.79841402885086
3325182119 3325182117 51.07377879035635
3658906102 212249486 428.85273654638314
3658906102 4031700723 256.9373336385615
3658906102 3658906104 417.2598457400774
3658906104 3658906102 459.7447052511767
3690710837 212326796 252.77290128287933
3690710842 5760171009 278.29059115760583
3690710842 212198242 443.53599041911707
3690710842 3690710844 356.1043805503147
3690710844 3690710847 491.3995858000291
3690710844 3690710842 122.12704405272117
3690710844 5760171009 88.65468317525288
3690710847 3690710850 362.3873836233594
3690710847 3690710844 326.7114291299407
3690710847 212309178 237.34380319995225
3690710850 212309184 457.7202890920391
3690710850 3690710847 62.89775704188172
3690710850 3690710871 387.5496743263882
3690710868 8980937032 430.11305487930184
3690710868 212309178 189.13364749378047
3690710868 3690710871 336.8452334162276
3690710871 8980937008 11.713493095009964
3690710871 3690710868 113.21814407219316
3690710871 3690710850 222.06040484709823
3690710877 3690710880 496.88505928021436
3690710880 3690710882 65.71914278760332
3690710880 3690710877 437.47513558747016
3690710880 3690710888 117.92769393929497
3690710882 212078022 124.52289354650902
3690710882 3690710888 339.78513527461894
3690710882 3690710880 222.9892566739435
3690710888 212171004 244.14084402145508
3690710888 3690710882 459.89654189747773
3690710888 3690710880 126.0374419084938
4030237860 212046842 117.95354671234892
4030237860 4031694265 56.37647718112443
4030237860 212193967 349.37774147894413
4031694213 4031700720 43.65532696614605
4031694241 4031694265 88.32392071548905
4031694241 212249476 338.3423719030065
4031694241 4031694274 453.2865119217152
4031694263 212235776 105.32062678767234
4031694263 212078022 323.8847108904943
4031694263 4031700738 475.7963605117072
4031694265 212249476 333.92618074053024
4031694265 4030237860 420.7114806469705
4031694265 4031694241 214.75347058408957
4031694273 212249486 138.98588430468328
4031694273 212046740 104.69292597147655
4031694273 4031700724 408.0613862634757
4031694274 4031694241 205.2773977675173
4031700711 8980936725 335.6033834705151
4031700711 212046740 67.77879568386896
4031700711 4031700724 187.89684084794987
4031700720 4031694213 142.8573369169112
4031700720 4031700738 325.71904045924805
4031700720 4031700738 277.75277794521645
4031700723 212249489 12.149620955352935
4031700723 3658906102 360.0703684039295
4031700723 212249486 122.47595690209445
4031700724 8980936725 40.492080925347786
4031700724 4031694273 114.87865650180656
4031700724 4031700711 13.949599045771254
4031700731 212249473 373.7823295328528
4031700731 4031700731 177.0077936854319
4031700738 4031700720 472.6778744125498
4031700738 4031700720 320.39688992520774
4031700738 4031694263 337.0154935636704
4031714803 212109010 217.17287523796796
4031714803 212205661 232.73977271218948
4031714808 8980937008 11.674623858928312
4031714808 212309184 1.0152865066095362
4031714808 212193959 41.50771300920747
4031714821 212193959 64.86130050557104
4031714821 4031714841 210.54107938515048
4031714821 4031714844 194.42804816685816
4031714833 212224790 217.05288325194073
4031714833 212205650 201.32277719206616
4031714841 4031714821 398.2692481882185
4031714841 212224790 337.7563203473365
4031714841 4031714833 255.96930494746084
4031714844 4031714821 373.05467971083914
5028719228 212281583 247.3008649074584
5028719228 212156960 32.872898085646305
5028719228 5028719229 227.91199664475513
5028719229 212176255 180.48009875706893
5028719229 212078034 54.758783551260294
5028719229 5028719228 397.4014071502137
5760171003 8922966691 329.2350097463465
5760171003 212163325 368.8421092743762
5760171003 8922966471 227.92702902033406
5760171009 3690710842 352.5561511800358
5760171009 212086107 10.386847174162217
5760171009 3690710844 241.19601514533707
6281701565 212296879 451.96742442666994
7025202826 1973834084 263.4981097195942
7025202826 212193967 236.02401976365033
7025202840 212109010 51.703840225385264
7025202863 7025202826 137.87079913343985
7025202863 1464874910 231.8875829276547
7025202863 1973834084 222.26235516037784
8344000376 212281599 480.8158326594585
8344000376 212281583 387.6229361306386
8344000376 8344000378 431.6069912748981
8344000378 8344000378 460.221348585853
8344000378 8344000378 445.8106324803083
8344000378 8344000376 308.683421687017
8347820038 8347820039 356.8318619491596
8347820038 1467030734 400.9093023597225
8347820038 212074583 168.1657224841714
8347820039 8347820040 28.551565319365537
8347820039 8347820038 16.703010903267145
8347820039 8347820041 448.7829616146774
8347820040 8347820039 77.36104846570346
8347820041 8347820039 153.03262783098427
8392990959 212074643 180.34442617158254
8392990959 3325182117 339.2634689722889
8392990959 8392990963 435.677869573759
8392990963 8392990959 444.29291531774777
8920600624 212221148 413.92410496044096
8922966317 8922966326 172.47742930473353
8922966326 212198549 62.77049624711273
8922966326 212056661 171.4990966006346
8922966326 8922966317 198.30550537497206
8922966363 212198187 462.0551105778821
8922966363 212163352 58.4809625655735
8922966363 8922966439 154.607329128416
8922966414 212215536 334.7983646164357
8922966414 212198225 426.20046276736514
8922966414 8922966439 444.5560096830614
8922966439 8922966363 487.963337493036
8922966439 8922966414 155.57262500863945
8922966439 212215536 38.0473594673702
8922966442 8922966446 171.05874938154008
8922966446 212163352 89.6689949854721
8922966446 212104085 128.96748363702392
8922966446 8922966442 188.60657688707948
8922966450 8922966602 188.06572913658908
8922966450 8922966463 101.73154652337962
8922966450 8922966460 167.26756013710718
8922966455 8922966465 374.3857756522028
8922966455 8922966472 284.18500047214656
8922966455 8922966602 93.84395631910469
8922966459 8922966460 351.56292436937497
8922966459 8922966602 423.7928578552132
8922966459 1466952981 347.6619733404566
8922966460 8922966459 104.59511684627194
8922966460 8922966463 11.338571382959461
8922966460 8922966450 215.89146042179436
8922966463 8922966450 417.0963717377717
8922966463 8922966460 346.648006014954
8922966463 8922966465 260.1155082092452
8922966465 8922966455 87.01091597729044
8922966465 8922966463 169.20769333273722
8922966465 8922966471 222.73072756086503
8922966471 5760171003 28.63753833954985
8922966471 8922966472 349.1825440843319
8922966471 8922966465 240.50162491100224
8922966472 8922966471 387.13298501184227
8922966472 212086107 234.06669735251612
8922966472 8922966455 22.92141216856558
8922966499 8922966517 7.68704191477354
8922966499 8922966511 316.06180194503537
8922966499 8922966510 363.83177982029974
8922966510 212163352 75.95421022502713
8922966510 8922966499 385.61653468479176
8922966510 8922966511 408.32605565329175
8922966510 8980936978 315.72219368311397
8922966511 8922966499 487.4567749719212
8922966511 8922966510 476.16704989071314
8922966511 8922966525 377.54127113091164
8922966517 8922966499 27.932225546793198
8922966517 212163340 79.61874810618147
8922966517 8922966525 459.0492212856108
8922966525 8922966511 212.83349668808987
8922966525 8922966517 47.69474167617654
8922966525 8922966557 315.2838205808326
8922966556 212035837 155.48616485498258
8922966556 212163352 336.31188543822765
8922966556 8922966557 220.05466437435956
8922966557 8922966525 440.7006524223924
8922966557 8922966556 339.1997966028557
8922966557 8922966575 472.6950346616018
8922966575 8922966557 124.35545510918416
8922966575 1466952981 117.44045753439131
8922966575 1466953008 214.56658164666243
8922966590 8922966595 85.10658532716059
8922966590 8922966595 401.2736085717477
8922966590 3115794417 248.3671376876065
8922966595 212058199 498.922733456634
8922966595 8922966590 381.659166380224
8922966595 8922966590 62.59260315933357
8922966602 8922966450 87.6334576694513
8922966602 8922966455 149.08323653129486
8922966602 8922966459 30.26706520862782
8922966665 212081062 448.0468690466936
8922966682 8922966689 93.64067833459033
8922966682 8922966689 321.4746521736604
8922966682 8922966722 140.19701251282657
8922966689 8922966682 5.908785264192917
8922966689 8922966682 178.48516446301366
8922966689 8922966691 307.0231172402687
8922966691 5760171003 198.27669732788084
8922966691 3115794417 209.28292825104182
8922966691 8922966689 247.8914292714633
8922966722 212033252 71.5468585734338
8922966722 8922966682 330.3037283591119
8922966769 212234063 309.9171489108937
8922966769 212046109 381.03255956560736
8922966892 3317809094 302.70240097004637
8922966892 212036382 423.1224901747419
8922966892 8922968295 319.9907563362427
8922968295 212234055 395.05467815177303
8922968295 212051246 217.85772160594018
8922968295 8922966892 422.80296722509735
8923702949 212304603 425.8606626162666
8923702951 8923702952 26.806035116714867
8923702951 212081884 248.1446641468002
8923702952 8923702951 356.06688505515984
8923702952 212164614 66.24807811756523
8923702952 212164607 31.924550030400955
8923702953 8923702956 248.1168583561898
8923702956 212304397 478.65941498011085
8923702956 212199000 486.26248006618636
8923702956 8923702953 313.393694636634
8923703092 212056912 423.7783261461869
8923703092 7025202863 132.19877998089885
8923703240 8923703246 379.7543300701768
8923703246 212227068 275.03323908404224
8923703246 212267239 29.39171257984785
8923703246 8923703240 476.8062024860153
8929624720 212051246 474.7689135377961
8929624734 212155123 152.24249299022853
8929624750 212079747 434.60998276572155
8929624750 212043888 27.358369475264823
8929624750 212035895 421.9226417843004
8958560566 212036382 187.6122313717185
8980916756 8980916759 353.83779255160175
8980916759 1466999088 73.02862813743837
8980916759 1466999046 369.22053571413056
8980916759 8980916756 13.768514577955749
8980916798 1872164882 349.0019489692219
8980916798 212171004 202.40866433818195
8980916798 1872164877 286.0113082342222
8980916801 10968097825 81.52792672175806
8980916801 1872164882 388.7072159902104
8980916801 10968097824 130.7870666350921
8980936715 8980936725 39.08205195625902
8980936725 4031700724 107.65489634031961
8980936725 4031700711 143.36903876313733
8980936725 8980936715 80.86151977553646
8980936726 8980936731 461.6724167127655
8980936731 212249476 459.02484220447235
8980936731 212249473 286.1800519774465
8980936731 8980936726 272.8224689240443
8980936732 8980936736 374.9009756784829
8980936736 212236691 345.58735847716804
8980936736 212249473 212.9018003538342
8980936736 8980936732 207.41853509008934
8980936805 8980936806 298.4730768992081
8980936806 8980936805 312.5142231694537
8980936806 212224790 298.3154355194168
8980936806 212249443 40.518141046419764
8980936847 8980936866 111.76814501846444
8980936866 212163340 316.02938634551316
8980936866 3115794417 210.45883224471694
8980936866 8980936847 68.58823809976016
8980936966 212163340 144.6143000726825
8980936966 8980936978 286.8124427911473
8980936966 8980936978 31.61169437398492
8980936978 8980936966 105.2432984980246
8980936978 8980936966 363.9579696032154
8980936978 8922966510 41.248418107284024
8980937008 4031714808 163.45519046284812
8980937008 8980937032 432.1609968183838
8980937008 3690710871 62.095529479302854
8980937026 8980937032 434.92026159316015
8980937032 8980937008 66.0313764846961
8980937032 3690710868 193.79705592665425
8980937032 8980937026 454.4951219600435
8984337273 212221305 328.3785864684157
8984337273 212078070 479.50735268309734
8984337273 8984337285 113.42752225378938
8984337278 212078070 11.762701583180824
8984337278 8984337292 78.80158800514097
8984337285 8984337273 417.9960458461141
8984337285 8984337278 220.18247536383058
8984337292 212078079 274.19710099917774
8984337292 8984337278 103.58858741442172
8984337292 8984337285 211.25984347760317
8984337293 212078079 351.5237361031142
8984337310 8984337315 77.89894101626454
8984337315 8984381544 303.39921289057753
8984337315 212235789 19.667895620733344
8984337315 8984337310 228.8328420227847
8984337316 8984381518 118.5900131789141
8984381518 212078041 100.00930220226046
8984381518 212078034 475.5586564846876
8984381518 8984337316 41.09633543894131
8984381530 8984381543 347.3376785316129
8984381530 8984381530 429.7680676281055
8984381530 8984381530 211.46232000780353
8984381543 212078030 421.46554985569816
8984381543 8984381530 302.5411030968776
8984381543 1466999093 435.91671767031465
8984381544 8984337315 439.1381214710194
8984381544 212235776 309.3350035711765
8984381544 212078026 90.47647383176715
10926928454 10926928455 435.43040358740717
10926928455 10926928456 182.95855193540123
10926928455 212032420 279.222795197087
10926928455 10926928454 6.810346688056301
10926928456 10926928455 12.111674058173428
10926928456 212236578 232.30746362265546
10926928456 212049068 129.86496853258606
10968097823 10968097824 114.77246724668639
10968097823 10968097829 2.8026057241387625
10968097823 10968097829 403.85753560060544
10968097824 10968097825 324.8996345153229
10968097824 10968097823 84.14393644565638
10968097824 8980916801 160.8760654712344
10968097825 8980916801 160.82749790870565
10968097825 10968097824 401.9525673488827
10968097825 10968097829 104.82164956380102
10968097829 10968097823 195.76919200948188
10968097829 10968097823 313.9947890408662
10968097829 10968097825 156.77473117573604
11049565396 212249437 498.2537117371473
11049565396 212249437 88.98767953546988
11049565396 212249435 120.44351380386276
11250543417 1466999097 384.37656719025125
11250543417 11250543417 454.11157125082184
11250543417 11250543417 245.96253227202484
